rvec: 0.0191614 -0.128745 -0.00595442
tvec: -0.104763 -0.140313 0.366959
