%YAML:1.0
---
camera_matrix_: !!opencv-matrix
   rows: 3
   cols: 3
   dt: d
   data: [ 1.0412562786381386e+03, 0., 6.8565540026982239e+02, 0.,
       1.0505976084535532e+03, 5.9778012298164469e+02, 0., 0., 1. ]
distortion_coefficients: !!opencv-matrix
   rows: 1
   cols: 5
   dt: d
   data: [ -1.3724382468171908e-01, 4.9079709117302012e-01,
       8.2971299771431115e-03, -4.5215579888173568e-03,
       -7.7949268098546165e-01 ]
rotation:
   - !!opencv-matrix
      rows: 3
      cols: 1
      dt: d
      data: [ 7.0551110139355430e-02, -1.4516037759436816e-02,
          -2.0975510246376238e-02 ]
   - !!opencv-matrix
      rows: 3
      cols: 1
      dt: d
      data: [ 4.2626361023501438e-02, 1.8177155756292945e-01,
          -4.4938196696174049e-02 ]
   - !!opencv-matrix
      rows: 3
      cols: 1
      dt: d
      data: [ -2.1901453522061520e-01, 1.3412049043128149e-01,
          -9.3758010506650225e-02 ]
   - !!opencv-matrix
      rows: 3
      cols: 1
      dt: d
      data: [ -3.2399901290596783e-01, -7.6620227062250496e-02,
          -1.5236951161566320e-01 ]
   - !!opencv-matrix
      rows: 3
      cols: 1
      dt: d
      data: [ -1.7908520099049258e-01, -1.4980885269251917e-01,
          -4.5296030885193656e-02 ]
   - !!opencv-matrix
      rows: 3
      cols: 1
      dt: d
      data: [ -1.8650130178426252e-01, -2.1752798194733447e-01,
          2.0367487680722582e-01 ]
   - !!opencv-matrix
      rows: 3
      cols: 1
      dt: d
      data: [ -2.2584075287269001e-01, -3.2335406701692648e-01,
          6.5048466337731970e-03 ]
   - !!opencv-matrix
      rows: 3
      cols: 1
      dt: d
      data: [ -1.1462909633666880e-01, -5.4853986600809179e-01,
          -2.5384527641282733e-03 ]
   - !!opencv-matrix
      rows: 3
      cols: 1
      dt: d
      data: [ -6.2800221588820027e-01, -1.2518664447828765e-01,
          -1.8192158158841606e-01 ]
   - !!opencv-matrix
      rows: 3
      cols: 1
      dt: d
      data: [ -2.6327019590890072e-01, 1.9352584239794763e-02,
          -1.9885698543469188e-01 ]
translation:
   - !!opencv-matrix
      rows: 3
      cols: 1
      dt: d
      data: [ -8.5041721432329895e-02, -8.8526856473310045e-02,
          2.5965247957374082e-01 ]
   - !!opencv-matrix
      rows: 3
      cols: 1
      dt: d
      data: [ -8.5593041955470517e-02, -8.1983697796308000e-02,
          2.7144872679504950e-01 ]
   - !!opencv-matrix
      rows: 3
      cols: 1
      dt: d
      data: [ -8.1981699252213019e-02, -7.9044909206900035e-02,
          2.8294193422866021e-01 ]
   - !!opencv-matrix
      rows: 3
      cols: 1
      dt: d
      data: [ -8.6981462984622573e-02, -7.0624577094346400e-02,
          2.6675029574095854e-01 ]
   - !!opencv-matrix
      rows: 3
      cols: 1
      dt: d
      data: [ -7.5972610044710481e-02, -9.8099828463687019e-02,
          2.5033626426156008e-01 ]
   - !!opencv-matrix
      rows: 3
      cols: 1
      dt: d
      data: [ -6.5240426117357184e-02, -7.9229972582412100e-02,
          2.7296681027057862e-01 ]
   - !!opencv-matrix
      rows: 3
      cols: 1
      dt: d
      data: [ -8.2253387833324518e-02, -7.1716296007049346e-02,
          2.4928437085694422e-01 ]
   - !!opencv-matrix
      rows: 3
      cols: 1
      dt: d
      data: [ -7.2157294081123771e-02, -1.0649537658265722e-01,
          2.2643221359317273e-01 ]
   - !!opencv-matrix
      rows: 3
      cols: 1
      dt: d
      data: [ -1.2089861736269035e-01, -5.6845784548808842e-02,
          3.1778995560871137e-01 ]
   - !!opencv-matrix
      rows: 3
      cols: 1
      dt: d
      data: [ -1.0951227138356023e-01, -6.4555006973073883e-02,
          2.8090522118671413e-01 ]
