%YAML:1.0
---
K1: !!opencv-matrix
   rows: 3
   cols: 3
   dt: d
   data: [ 2.7340194345218060e+03, 0., 3.1061922454501740e+02, 0.,
       3.7206042580810863e+03, 2.7399022542492099e+02, 0., 0., 1. ]
D1: !!opencv-matrix
   rows: 1
   cols: 5
   dt: d
   data: [ -2.6089523147335725e+00, 2.1232005279036521e+01,
       2.3317231317759830e-02, 8.2230271728216467e-02,
       -9.8369659391192101e+01 ]
K2: !!opencv-matrix
   rows: 3
   cols: 3
   dt: d
   data: [ 2.7340194345218060e+03, 0., 3.1061922454501740e+02, 0.,
       3.7206042580810863e+03, 2.7399022542492099e+02, 0., 0., 1. ]
D2: !!opencv-matrix
   rows: 1
   cols: 5
   dt: d
   data: [ -2.6089523147335725e+00, 2.1232005279036521e+01,
       2.3317231317759830e-02, 8.2230271728216467e-02,
       -9.8369659391192101e+01 ]
R: !!opencv-matrix
   rows: 3
   cols: 3
   dt: d
   data: [ 9.9857701263979859e-01, -2.9188655734195081e-02,
       4.4631515813448028e-02, 2.5675358094708431e-02,
       9.9667254081063306e-01, 7.7360341136692587e-02,
       -4.6741050630938016e-02, -7.6104328198254287e-02,
       9.9600371757107842e-01 ]
T: !!opencv-matrix
   rows: 3
   cols: 1
   dt: d
   data: [ -1.3609061242522930e+01, -5.2990704138770734e+00,
       6.2980763991766509e+00 ]
E: !!opencv-matrix
   rows: 3
   cols: 3
   dt: d
   data: [ 8.5978751655241617e-02, -5.8738376130635155e+00,
       -5.7651151706377366e+00, 5.6530124954907395e+00,
       -1.2195408470743336e+00, 1.3835768286609476e+01,
       4.9421123829227156e+00, -1.3718450388654757e+01,
       -8.1629607529818626e-01 ]
F: !!opencv-matrix
   rows: 3
   cols: 3
   dt: d
   data: [ -1.5569362660852248e-08, 7.8160936483603257e-07,
       2.6449149083774036e-03, -7.5222500128092910e-07,
       1.1924832513025037e-07, -4.8325477277185742e-03,
       -2.2358358806611914e-03, 4.7153937167471391e-03, 1. ]
